The following are the start and goal state for the 20 random instances used.
It is in format of first the 4 pegs of start and then the four pegs of goal.

(0) 12 9 6 (1) 19 18 15 8 7 4 3 1 (2) 16 11 10 2 (3) 20 17 14 13 5 (0) 19 9 4 (1) 17 12 5 2 1 (2) 16 15 13 11 10 3 (3) 20 18 14 8 7 6
(0) 20 18 11 10 9 8 5 (1) 19 15 13 7 6 2 1 (2) 14 (3) 17 16 12 4 3 (0) 5 (1) 20 12 9 8 6 2 (2) 19 18 14 13 10 7 (3) 17 16 15 11 4 3 1
(0) 12 6 (1) 18 17 15 11 9 7 5 2 (2) 20 19 16 14 10 8 4 3 (3) 13 1 (0) 20 18 17 13 10 (1) 12 11 7 6 5 2 (2) 19 4 1 (3) 16 15 14 9 8 3
(0) 16 14 13 9 7 5 1 (1) 19 18 11 6 2 (2) 15 8 4 3 (3) 20 17 12 10 (0) 18 1 (1) 20 16 15 10 8 5 4 2 (2) 17 13 9 6 3 (3) 19 14 12 11 7
(0) 18 7 2 1 (1) 20 19 16 15 6 3 (2) 11 10 8 (3) 17 14 13 12 9 5 4 (0) 17 15 12 10 5 3 (1) 19 18 16 14 11 7 6 1 (2) 20 13 9 8 4 (3) 2
(0) 15 10 6 3 2 (1) 16 13 8 7 5 4 (2) 20 18 17 11 9 1 (3) 19 14 12 (0) 17 14 12 11 10 5 3 (1) 6 1 (2) 19 18 15 9 7 4 2 (3) 20 16 13 8
(0) 18 6 (1) 17 15 5 4 3 (2) 20 19 16 13 11 10 2 (3) 14 12 9 8 7 1 (0) 20 19 18 17 11 10 7 5 3 (1) 13 12 6 1 (2) 16 14 8 4 2 (3) 15 9
(0) 20 19 17 14 7 1 (1) 10 (2) 15 13 8 4 3 (3) 18 16 12 11 9 6 5 2 (0) 16 6 3 (1) 20 19 18 13 7 5 (2) 17 14 11 10 8 1 (3) 15 12 9 4 2
(0) 12 10 9 (1) 14 8 5 1 (2) 20 19 18 17 16 15 13 11 7 2 (3) 6 4 3 (0) 15 8 (1) 20 19 14 12 10 6 4 2 1 (2) 13 11 5 3 (3) 18 17 16 9 7
(0) 20 12 8 2 (1) 19 18 17 10 6 5 3 (2) 14 11 1 (3) 16 15 13 9 7 4 (0) 19 7 3 (1) 12 9 2 (2) 15 14 13 11 6 5 (3) 20 18 17 16 10 8 4 1
(0) 18 16 13 8 (1) 20 19 17 14 6 5 (2) 12 10 9 7 4 (3) 15 11 3 2 1 (0) 20 19 16 11 10 9 7 4 (1) 18 13 8 (2) 17 15 14 6 5 2 1 (3) 12 3
(0) 12 11 6 (1) 16 14 13 8 7 2 1 (2) 19 17 10 5 3 (3) 20 18 15 9 4 (0) 12 10 2 (1) 19 18 17 14 8 (2) 20 16 13 6 4 (3) 15 11 9 7 5 3 1
(0) 15 13 12 8 2 (1) 17 14 11 (2) 18 10 9 7 6 5 4 (3) 20 19 16 3 1 (0) 17 15 13 11 3 (1) 20 19 18 14 10 9 (2) 16 12 5 2 (3) 8 7 6 4 1
(0) 18 16 13 11 10 8 5 4 3 (1) 17 (2) 20 14 12 6 (3) 19 15 9 7 2 1 (0) 9 1 (1) 20 18 17 16 14 12 8 6 (2) 15 13 11 5 4 2 (3) 19 10 7 3
(0) 20 16 4 (1) 18 15 13 10 8 6 5 2 (2) 17 14 9 7 3 1 (3) 19 12 11 (0) 20 16 11 8 6 5 4 (1) 15 10 2 (2) 18 17 14 13 12 9 3 (3) 19 7 1
(0) 20 11 (1) 19 16 12 9 3 1 (2) 17 14 10 7 (3) 18 15 13 8 6 5 4 2 (0) 17 7 1 (1) 18 11 10 6 (2) 14 13 8 (3) 20 19 16 15 12 9 5 4 3 2
(0) 14 12 8 4 2 (1) 20 19 16 13 9 7 1 (2) 18 10 (3) 17 15 11 6 5 3 (0) 17 9 5 4 (1) 20 15 7 1 (2) 19 18 13 12 11 2 (3) 16 14 10 8 6 3
(0) 20 14 11 9 (1) 17 13 12 10 6 3 (2) 15 8 5 (3) 19 18 16 7 4 2 1 (0) 19 18 14 11 8 4 2 (1) 20 17 12 9 (2) 16 15 13 10 7 1 (3) 6 5 3
(0) 16 14 13 12 5 (1) 17 11 9 8 2 (2) 20 18 15 10 1 (3) 19 7 6 4 3 (0) 19 16 15 13 7 6 3 (1) 20 12 8 5 2 (2) 14 11 10 4 1 (3) 18 17 9
(0) 10 2 (1) 20 18 17 14 13 12 11 6 4 (2) 19 16 15 8 5 (3) 9 7 3 1 (0) 20 14 13 6 2 (1) 19 18 17 16 12 8 3 (2) 15 11 10 9 4 (3) 7 5 1
